route_id,service_id,trip_id,trip_headsign,trip_short_name,direction_id,block_id,shape_id,wheelchair_accessible,bikes_allowed
7337,1,492857,South Commercial,,0,202705,22089,0,0
7337,1,492858,South Commercial,,0,202707,22089,0,0
7337,1,492739,South Commercial,,0,202706,22090,0,0
7337,1,492745,South Commercial,,0,202708,22090,0,0
7337,1,492751,South Commercial,,0,202709,22090,0,0
7337,1,492757,South Commercial,,0,202710,22090,0,0
7337,1,492762,South Commercial,,0,202705,22090,0,0
7337,1,492767,South Commercial,,0,202711,22090,0,0
7337,1,492772,South Commercial,,0,202707,22090,0,0
7337,1,492740,South Commercial,,0,202706,22090,0,0
7337,1,492746,South Commercial,,0,202708,22090,0,0
7337,1,492752,South Commercial,,0,202709,22090,0,0
7337,1,492758,South Commercial,,0,202710,22090,0,0
7337,1,492763,South Commercial,,0,202705,22090,0,0
7337,1,492768,South Commercial,,0,202711,22090,0,0
7337,1,492773,South Commercial,,0,202707,22090,0,0
7337,1,492741,South Commercial,,0,202706,22090,0,0
7337,1,492747,South Commercial,,0,202708,22090,0,0
7337,1,492753,South Commercial,,0,202709,22090,0,0
7337,1,492759,South Commercial,,0,202710,22090,0,0
7337,1,492764,South Commercial,,0,202705,22090,0,0
7337,1,492769,South Commercial,,0,202711,22090,0,0
7337,1,492774,South Commercial,,0,202707,22090,0,0
7337,1,492777,South Commercial,,0,202706,22090,0,0
7337,1,492785,South Commercial,,0,202708,22090,0,0
7337,1,492793,South Commercial,,0,202709,22090,0,0
7337,1,492801,South Commercial,,0,202710,22090,0,0
7337,1,492809,South Commercial,,0,202705,22090,0,0
7337,1,492816,South Commercial,,0,202711,22090,0,0
7337,1,492829,South Commercial,,0,202707,22090,0,0
7337,1,492823,South Commercial,,0,202712,22090,0,0
7337,1,492778,South Commercial,,0,202706,22090,0,0
7337,1,492786,South Commercial,,0,202708,22090,0,0
7337,1,492794,South Commercial,,0,202709,22090,0,0
7337,1,492802,South Commercial,,0,202710,22090,0,0
7337,1,492810,South Commercial,,0,202705,22090,0,0
7337,1,492817,Keizer Transit Center,,0,202711,22091,0,0
7337,1,492830,South Commercial,,0,202707,22090,0,0
7337,1,492824,South Commercial,,0,202712,22090,0,0
7337,1,492779,South Commercial,,0,202726,22090,0,0
7337,1,492787,South Commercial,,0,202708,22090,0,0
7337,1,492795,South Commercial,,0,202709,22090,0,0
7337,1,492803,South Commercial,,0,202710,22090,0,0
7337,1,492811,South Commercial,,0,202705,22090,0,0
7337,1,492818,South Commercial,,0,202711,22090,0,0
7337,1,492831,South Commercial,,0,202707,22090,0,0
7337,1,492825,South Commercial,,0,202712,22090,0,0
7337,1,492780,South Commercial,,0,202726,22090,0,0
7337,1,492788,South Commercial,,0,202708,22090,0,0
7337,1,492796,South Commercial,,0,202709,22090,0,0
7337,1,492804,South Commercial,,0,202710,22090,0,0
7337,1,492812,South Commercial,,0,202705,22090,0,0
7337,1,492819,South Commercial,,0,202711,22090,0,0
7337,1,492832,South Commercial,,0,202707,22090,0,0
7337,1,492841,South Commercial,,0,202712,22090,0,0
7337,1,492844,South Commercial,,0,202708,22090,0,0
7337,1,492846,South Commercial,,0,202710,22090,0,0
7337,1,492848,South Commercial,,0,202711,22090,0,0
7337,1,492842,South Commercial,,0,202712,22090,0,0
7337,1,492852,Keizer Transit Center,,1,202705,22093,0,0
7337,1,492853,Keizer Transit Center,,1,202707,22093,0,0
7337,1,492742,Keizer Transit Center,,1,202706,22093,0,0
7337,1,492748,Keizer Transit Center,,1,202708,22093,0,0
7337,1,492754,Keizer Transit Center,,1,202709,22093,0,0
7337,1,492760,Keizer Transit Center,,1,202710,22093,0,0
7337,1,492765,Keizer Transit Center,,1,202705,22093,0,0
7337,1,492770,Keizer Transit Center,,1,202711,22093,0,0
7337,1,492775,Keizer Transit Center,,1,202707,22093,0,0
7337,1,492743,Keizer Transit Center,,1,202706,22093,0,0
7337,1,492749,Keizer Transit Center,,1,202708,22093,0,0
7337,1,492755,Keizer Transit Center,,1,202709,22093,0,0
7337,1,492761,Keizer Transit Center,,1,202710,22093,0,0
7337,1,492766,Keizer Transit Center,,1,202705,22093,0,0
7337,1,492771,Keizer Transit Center,,1,202711,22093,0,0
7337,1,492776,Keizer Transit Center,,1,202707,22093,0,0
7337,1,492744,Keizer Transit Center,,1,202706,22093,0,0
7337,1,492750,Keizer Transit Center,,1,202708,22093,0,0
7337,1,492756,Keizer Transit Center,,1,202709,22093,0,0
7337,1,492836,Keizer Transit Center,,1,202710,22093,0,0
7337,1,492837,Keizer Transit Center,,1,202705,22093,0,0
7337,1,492838,Keizer Transit Center,,1,202711,22093,0,0
7337,1,492839,Keizer Transit Center,,1,202707,22093,0,0
7337,1,492840,Keizer Transit Center,,1,202712,22093,0,0
7337,1,492781,Keizer Transit Center,,1,202706,22093,0,0
7337,1,492789,Keizer Transit Center,,1,202708,22093,0,0
7337,1,492797,Keizer Transit Center,,1,202709,22093,0,0
7337,1,492805,Keizer Transit Center,,1,202710,22093,0,0
7337,1,492813,Keizer Transit Center,,1,202705,22093,0,0
7337,1,492820,Keizer Transit Center,,1,202711,22093,0,0
7337,1,492833,Keizer Transit Center,,1,202707,22093,0,0
7337,1,492826,Keizer Transit Center,,1,202712,22093,0,0
7337,1,492782,Keizer Transit Center,,1,202706,22093,0,0
7337,1,492790,Keizer Transit Center,,1,202708,22093,0,0
7337,1,492798,Keizer Transit Center,,1,202709,22093,0,0
7337,1,492806,Keizer Transit Center,,1,202710,22093,0,0
7337,1,492814,Keizer Transit Center,,1,202705,22093,0,0
7337,1,492856,Keizer Transit Center,,1,202711,22094,0,0
7337,1,492834,Keizer Transit Center,,1,202707,22093,0,0
7337,1,492827,Keizer Transit Center,,1,202712,22093,0,0
7337,1,492783,Keizer Transit Center,,1,202726,22093,0,0
7337,1,492791,Keizer Transit Center,,1,202708,22093,0,0
7337,1,492799,Keizer Transit Center,,1,202709,22093,0,0
7337,1,492807,Keizer Transit Center,,1,202710,22093,0,0
7337,1,492815,Keizer Transit Center,,1,202705,22093,0,0
7337,1,492822,Keizer Transit Center,,1,202711,22093,0,0
7337,1,492835,Keizer Transit Center,,1,202707,22093,0,0
7337,1,492828,Keizer Transit Center,,1,202712,22093,0,0
7337,1,492784,Keizer Transit Center,,1,202726,22093,0,0
7337,1,492792,Keizer Transit Center,,1,202708,22093,0,0
7337,1,492808,Keizer Transit Center,,1,202709,22093,0,0
7337,1,492800,Keizer Transit Center,,1,202710,22093,0,0
7337,1,492854,Keizer Transit Center,,1,202711,22093,0,0
7337,1,492845,Keizer Transit Center,,1,202712,22093,0,0
7337,1,492847,Keizer Transit Center,,1,202708,22093,0,0
7338,1,491649,Wilsonvile,,0,202613,22096,0,0
7338,1,491648,Wilsonvile,,0,202612,22096,0,0
7338,1,491650,Wilsonvile,,0,202611,22095,0,0
7338,1,491651,Wilsonvile,,0,202614,22095,0,0
7338,1,491647,Wilsonvile,,0,202611,22095,0,0
7338,1,491655,Salem,,1,202613,22097,0,0
7338,1,491653,Salem,,1,202612,22097,0,0
7338,1,491656,Salem,,1,202611,22098,0,0
7338,1,491652,Salem,,1,202614,22098,0,0
7338,1,491654,Salem,,1,202611,22098,0,0
7339,1,491710,Chemeketa Community College,,0,202616,22099,0,0
7339,1,491709,Chemeketa Community College,,0,202615,22099,0,0
7339,1,491708,Chemeketa Community College,,0,202618,22099,0,0
7339,1,491707,Chemeketa Community College,,0,202616,22099,0,0
7339,1,491706,Chemeketa Community College,,0,202617,22099,0,0
7339,1,491705,Chemeketa Community College,,0,202615,22099,0,0
7339,1,491704,Chemeketa Community College,,0,202618,22099,0,0
7339,1,491703,Chemeketa Community College,,0,202616,22099,0,0
7339,1,491702,Chemeketa Community College,,0,202617,22099,0,0
7339,1,491701,Chemeketa Community College,,0,202615,22099,0,0
7339,1,491700,Chemeketa Community College,,0,202618,22099,0,0
7339,1,491699,Chemeketa Community College,,0,202616,22099,0,0
7339,1,491698,Chemeketa Community College,,0,202617,22099,0,0
7339,1,491697,Chemeketa Community College,,0,202615,22099,0,0
7339,1,491696,Chemeketa Community College,,0,202618,22099,0,0
7339,1,491695,Chemeketa Community College,,0,202616,22099,0,0
7339,1,491694,Chemeketa Community College,,0,202617,22099,0,0
7339,1,491693,Chemeketa Community College,,0,202615,22099,0,0
7339,1,491692,Chemeketa Community College,,0,202618,22099,0,0
7339,1,491691,Chemeketa Community College,,0,202616,22099,0,0
7339,1,491690,Chemeketa Community College,,0,202617,22099,0,0
7339,1,491689,Chemeketa Community College,,0,202615,22099,0,0
7339,1,491688,Chemeketa Community College,,0,202618,22099,0,0
7339,1,491687,Chemeketa Community College,,0,202616,22099,0,0
7339,1,491686,Chemeketa Community College,,0,202617,22099,0,0
7339,1,491685,Chemeketa Community College,,0,202615,22099,0,0
7339,1,491684,Chemeketa Community College,,0,202618,22099,0,0
7339,1,491683,Chemeketa Community College,,0,202616,22099,0,0
7339,1,491682,Chemeketa Community College,,0,202617,22099,0,0
7339,1,491681,Chemeketa Community College,,0,202615,22099,0,0
7339,1,491680,Chemeketa Community College,,0,202618,22099,0,0
7339,1,491679,Chemeketa Community College,,0,202616,22099,0,0
7339,1,491678,Chemeketa Community College,,0,202617,22099,0,0
7339,1,491677,Chemeketa Community College,,0,202615,22099,0,0
7339,1,491676,Chemeketa Community College,,0,202618,22099,0,0
7339,1,491675,Chemeketa Community College,,0,202616,22099,0,0
7339,1,491674,Chemeketa Community College,,0,202617,22099,0,0
7339,1,491673,Chemeketa Community College,,0,202615,22099,0,0
7339,1,491672,Chemeketa Community College,,0,202618,22099,0,0
7339,1,491671,Chemeketa Community College,,0,202616,22099,0,0
7339,1,491670,Chemeketa Community College,,0,202617,22099,0,0
7339,1,491669,Chemeketa Community College,,0,202615,22099,0,0
7339,1,491668,Chemeketa Community College,,0,202618,22099,0,0
7339,1,491667,Chemeketa Community College,,0,202616,22099,0,0
7339,1,491666,Chemeketa Community College,,0,202617,22099,0,0
7339,1,491665,Chemeketa Community College,,0,202615,22099,0,0
7339,1,491664,Chemeketa Community College,,0,202618,22099,0,0
7339,1,491663,Chemeketa Community College,,0,202616,22099,0,0
7339,1,491662,Chemeketa Community College,,0,202617,22099,0,0
7339,1,491661,Chemeketa Community College,,0,202615,22099,0,0
7339,1,491660,Chemeketa Community College,,0,202616,22099,0,0
7339,1,491659,Chemeketa Community College,,0,202615,22099,0,0
7339,1,491658,Chemeketa Community College,,0,202616,22099,0,0
7339,1,491657,Chemeketa Community College,,0,202615,22099,0,0
7339,1,491712,Downtown Transit Center,,1,202616,22100,0,0
7339,1,491713,Downtown Transit Center,,1,202615,22100,0,0
7339,1,491765,Downtown Transit Center,,1,202616,22100,0,0
7339,1,491764,Downtown Transit Center,,1,202617,22100,0,0
7339,1,491763,Downtown Transit Center,,1,202615,22100,0,0
7339,1,491762,Downtown Transit Center,,1,202618,22100,0,0
7339,1,491761,Downtown Transit Center,,1,202616,22100,0,0
7339,1,491760,Downtown Transit Center,,1,202617,22100,0,0
7339,1,491759,Downtown Transit Center,,1,202615,22100,0,0
7339,1,491758,Downtown Transit Center,,1,202618,22100,0,0
7339,1,491757,Downtown Transit Center,,1,202616,22100,0,0
7339,1,491756,Downtown Transit Center,,1,202617,22100,0,0
7339,1,491755,Downtown Transit Center,,1,202615,22100,0,0
7339,1,491754,Downtown Transit Center,,1,202618,22100,0,0
7339,1,491753,Downtown Transit Center,,1,202616,22100,0,0
7339,1,491752,Downtown Transit Center,,1,202617,22100,0,0
7339,1,491751,Downtown Transit Center,,1,202615,22100,0,0
7339,1,491750,Downtown Transit Center,,1,202618,22100,0,0
7339,1,491749,Downtown Transit Center,,1,202616,22100,0,0
7339,1,491748,Downtown Transit Center,,1,202617,22100,0,0
7339,1,491747,Downtown Transit Center,,1,202615,22100,0,0
7339,1,491746,Downtown Transit Center,,1,202618,22100,0,0
7339,1,491745,Downtown Transit Center,,1,202616,22100,0,0
7339,1,491744,Downtown Transit Center,,1,202617,22100,0,0
7339,1,491743,Downtown Transit Center,,1,202615,22100,0,0
7339,1,491742,Downtown Transit Center,,1,202618,22100,0,0
7339,1,491741,Downtown Transit Center,,1,202616,22100,0,0
7339,1,491740,Downtown Transit Center,,1,202617,22100,0,0
7339,1,491739,Downtown Transit Center,,1,202615,22100,0,0
7339,1,491738,Downtown Transit Center,,1,202618,22100,0,0
7339,1,491737,Downtown Transit Center,,1,202616,22100,0,0
7339,1,491736,Downtown Transit Center,,1,202617,22100,0,0
7339,1,491735,Downtown Transit Center,,1,202615,22100,0,0
7339,1,491734,Downtown Transit Center,,1,202618,22100,0,0
7339,1,491733,Downtown Transit Center,,1,202616,22100,0,0
7339,1,491732,Downtown Transit Center,,1,202617,22100,0,0
7339,1,491731,Downtown Transit Center,,1,202615,22100,0,0
7339,1,491730,Downtown Transit Center,,1,202618,22100,0,0
7339,1,491729,Downtown Transit Center,,1,202616,22100,0,0
7339,1,491728,Downtown Transit Center,,1,202617,22100,0,0
7339,1,491727,Downtown Transit Center,,1,202615,22100,0,0
7339,1,491726,Downtown Transit Center,,1,202618,22100,0,0
7339,1,491725,Downtown Transit Center,,1,202616,22100,0,0
7339,1,491724,Downtown Transit Center,,1,202617,22100,0,0
7339,1,491723,Downtown Transit Center,,1,202615,22100,0,0
7339,1,491722,Downtown Transit Center,,1,202618,22100,0,0
7339,1,491721,Downtown Transit Center,,1,202616,22100,0,0
7339,1,491720,Downtown Transit Center,,1,202617,22100,0,0
7339,1,491719,Downtown Transit Center,,1,202615,22100,0,0
7339,1,491711,Downtown Transit Center,,1,202618,22100,0,0
7339,1,491718,Downtown Transit Center,,1,202616,22100,0,0
7339,1,491717,Downtown Transit Center,,1,202617,22100,0,0
7339,1,491716,Downtown Transit Center,,1,202615,22100,0,0
7339,1,491715,Downtown Transit Center,,1,202616,22100,0,0
7339,1,491714,Downtown Transit Center,,1,202615,22100,0,0
7340,1,491773,Grand Ronde,,0,202623,22101,0,0
7340,1,491772,Grand Ronde,,0,202622,22101,0,0
7340,1,491771,Grand Ronde,,0,202620,22101,0,0
7340,1,491767,Grand Ronde,,0,202620,22101,0,0
7340,1,491770,Grand Ronde,,0,202621,22101,0,0
7340,1,491769,Grand Ronde,,0,202620,22101,0,0
7340,1,491766,Grand Ronde,,0,202619,22101,0,0
7340,1,491768,Grand Ronde,,0,202619,22101,0,0
7340,1,491781,Salem,,1,202623,22102,0,0
7340,1,491780,Salem,,1,202622,22102,0,0
7340,1,491779,Salem,,1,202620,22102,0,0
7340,1,491778,Salem,,1,202620,22102,0,0
7340,1,491774,Salem,,1,202621,22102,0,0
7340,1,491777,Salem,,1,202620,22102,0,0
7340,1,491776,Salem,,1,202619,22102,0,0
7340,1,491775,Salem,,1,202619,22102,0,0
7341,1,491811,Chemeketa Community College,,0,202689,22103,0,0
7341,1,491810,Chemeketa Community College,,0,202690,22103,0,0
7341,1,491809,Chemeketa Community College,,0,202689,22103,0,0
7341,1,491808,Chemeketa Community College,,0,202690,22103,0,0
7341,1,491807,Chemeketa Community College,,0,202689,22103,0,0
7341,1,491806,Chemeketa Community College,,0,202690,22103,0,0
7341,1,491805,Chemeketa Community College,,0,202689,22103,0,0
7341,1,491804,Chemeketa Community College,,0,202690,22103,0,0
7341,1,491803,Chemeketa Community College,,0,202689,22103,0,0
7341,1,491802,Chemeketa Community College,,0,202690,22103,0,0
7341,1,491801,Chemeketa Community College,,0,202689,22103,0,0
7341,1,491800,Chemeketa Community College,,0,202690,22103,0,0
7341,1,491799,Chemeketa Community College,,0,202689,22103,0,0
7341,1,491798,Chemeketa Community College,,0,202690,22103,0,0
7341,1,491797,Chemeketa Community College,,0,202689,22103,0,0
7341,1,491796,Chemeketa Community College,,0,202690,22103,0,0
7341,1,491795,Chemeketa Community College,,0,202689,22103,0,0
7341,1,491794,Chemeketa Community College,,0,202690,22103,0,0
7341,1,491812,Chemeketa Community College,,0,202689,22103,0,0
7341,1,491792,Chemeketa Community College,,0,202690,22103,0,0
7341,1,491791,Chemeketa Community College,,0,202689,22103,0,0
7341,1,491790,Chemeketa Community College,,0,202690,22103,0,0
7341,1,491789,Chemeketa Community College,,0,202689,22103,0,0
7341,1,491788,Chemeketa Community College,,0,202690,22103,0,0
7341,1,491787,Chemeketa Community College,,0,202689,22103,0,0
7341,1,491786,Chemeketa Community College,,0,202690,22103,0,0
7341,1,491785,Chemeketa Community College,,0,202689,22103,0,0
7341,1,491784,Chemeketa Community College,,0,202690,22103,0,0
7341,1,491783,Chemeketa Community College,,0,202689,22103,0,0
7341,1,491782,Chemeketa Community College,,0,202690,22103,0,0
7341,1,491813,Downtown Transit Center,,1,202689,22104,0,0
7341,1,491814,Downtown Transit Center,,1,202690,22104,0,0
7341,1,491842,Downtown Transit Center,,1,202689,22104,0,0
7341,1,491841,Downtown Transit Center,,1,202690,22104,0,0
7341,1,491840,Downtown Transit Center,,1,202689,22104,0,0
7341,1,491839,Downtown Transit Center,,1,202690,22104,0,0
7341,1,491838,Downtown Transit Center,,1,202689,22104,0,0
7341,1,491837,Downtown Transit Center,,1,202690,22104,0,0
7341,1,491836,Downtown Transit Center,,1,202689,22104,0,0
7341,1,491835,Downtown Transit Center,,1,202690,22104,0,0
7341,1,491834,Downtown Transit Center,,1,202689,22104,0,0
7341,1,491833,Downtown Transit Center,,1,202690,22104,0,0
7341,1,491832,Downtown Transit Center,,1,202689,22104,0,0
7341,1,491831,Downtown Transit Center,,1,202690,22104,0,0
7341,1,491830,Downtown Transit Center,,1,202689,22104,0,0
7341,1,491829,Downtown Transit Center,,1,202690,22104,0,0
7341,1,491828,Downtown Transit Center,,1,202689,22104,0,0
7341,1,491827,Downtown Transit Center,,1,202690,22104,0,0
7341,1,491826,Downtown Transit Center,,1,202689,22104,0,0
7341,1,491825,Downtown Transit Center,,1,202690,22104,0,0
7341,1,491824,Downtown Transit Center,,1,202689,22104,0,0
7341,1,491823,Downtown Transit Center,,1,202690,22104,0,0
7341,1,491822,Downtown Transit Center,,1,202689,22104,0,0
7341,1,491821,Downtown Transit Center,,1,202690,22104,0,0
7341,1,491820,Downtown Transit Center,,1,202689,22104,0,0
7341,1,491819,Downtown Transit Center,,1,202690,22104,0,0
7341,1,491818,Downtown Transit Center,,1,202689,22104,0,0
7341,1,491817,Downtown Transit Center,,1,202690,22104,0,0
7341,1,491816,Downtown Transit Center,,1,202689,22104,0,0
7341,1,491815,Downtown Transit Center,,1,202690,22104,0,0
7342,1,491843,Pennsylvania Avenue,,0,202628,22105,0,0
7342,1,491858,Pennsylvania Avenue,,0,202628,22106,0,0
7342,1,491857,Pennsylvania Avenue,,0,202628,22106,0,0
7342,1,491856,Pennsylvania Avenue,,0,202628,22106,0,0
7342,1,491855,Pennsylvania Avenue,,0,202628,22106,0,0
7342,1,491854,Pennsylvania Avenue,,0,202628,22106,0,0
7342,1,491853,Pennsylvania Avenue,,0,202628,22106,0,0
7342,1,491852,Pennsylvania Avenue,,0,202628,22106,0,0
7342,1,491851,Pennsylvania Avenue,,0,202628,22106,0,0
7342,1,491850,Pennsylvania Avenue,,0,202628,22106,0,0
7342,1,491849,Pennsylvania Avenue,,0,202628,22106,0,0
7342,1,491848,Pennsylvania Avenue,,0,202628,22106,0,0
7342,1,491847,Pennsylvania Avenue,,0,202628,22106,0,0
7342,1,491846,Pennsylvania Avenue,,0,202628,22106,0,0
7342,1,491845,Pennsylvania Avenue,,0,202628,22106,0,0
7342,1,491844,Pennsylvania Avenue,,0,202628,22106,0,0
7342,1,491873,Downtown Transit Center,,1,202628,22107,0,0
7342,1,491872,Downtown Transit Center,,1,202628,22107,0,0
7342,1,491871,Downtown Transit Center,,1,202628,22107,0,0
7342,1,491870,Downtown Transit Center,,1,202628,22107,0,0
7342,1,491869,Downtown Transit Center,,1,202628,22107,0,0
7342,1,491868,Downtown Transit Center,,1,202628,22107,0,0
7342,1,491867,Downtown Transit Center,,1,202628,22107,0,0
7342,1,491866,Downtown Transit Center,,1,202628,22107,0,0
7342,1,491865,Downtown Transit Center,,1,202628,22107,0,0
7342,1,491864,Downtown Transit Center,,1,202628,22107,0,0
7342,1,491863,Downtown Transit Center,,1,202628,22107,0,0
7342,1,491862,Downtown Transit Center,,1,202628,22107,0,0
7342,1,491861,Downtown Transit Center,,1,202628,22107,0,0
7342,1,491860,Downtown Transit Center,,1,202628,22107,0,0
7342,1,491859,Downtown Transit Center,,1,202628,22107,0,0
7343,1,491874,South Lancaster,,0,202629,22108,0,0
7343,1,491889,South Lancaster,,0,202629,22109,0,0
7343,1,491888,South Lancaster,,0,202629,22109,0,0
7343,1,491887,South Lancaster,,0,202629,22109,0,0
7343,1,491886,South Lancaster,,0,202629,22109,0,0
7343,1,491885,South Lancaster,,0,202629,22109,0,0
7343,1,491884,South Lancaster,,0,202629,22109,0,0
7343,1,491883,South Lancaster,,0,202629,22109,0,0
7343,1,491882,South Lancaster,,0,202629,22109,0,0
7343,1,491881,South Lancaster,,0,202629,22109,0,0
7343,1,491880,South Lancaster,,0,202629,22109,0,0
7343,1,491879,South Lancaster,,0,202629,22109,0,0
7343,1,491878,South Lancaster,,0,202629,22109,0,0
7343,1,491877,South Lancaster,,0,202629,22109,0,0
7343,1,491876,South Lancaster,,0,202629,22109,0,0
7343,1,491875,South Lancaster,,0,202629,22109,0,0
7343,1,491890,Downtown Transit Center,,1,202629,22110,0,0
7343,1,491904,Downtown Transit Center,,1,202629,22110,0,0
7343,1,491903,Downtown Transit Center,,1,202629,22110,0,0
7343,1,491902,Downtown Transit Center,,1,202629,22110,0,0
7343,1,491901,Downtown Transit Center,,1,202629,22110,0,0
7343,1,491900,Downtown Transit Center,,1,202629,22110,0,0
7343,1,491899,Downtown Transit Center,,1,202629,22110,0,0
7343,1,491898,Downtown Transit Center,,1,202629,22110,0,0
7343,1,491897,Downtown Transit Center,,1,202629,22110,0,0
7343,1,491896,Downtown Transit Center,,1,202629,22110,0,0
7343,1,491895,Downtown Transit Center,,1,202629,22110,0,0
7343,1,491894,Downtown Transit Center,,1,202629,22110,0,0
7343,1,491893,Downtown Transit Center,,1,202629,22110,0,0
7343,1,491892,Downtown Transit Center,,1,202629,22110,0,0
7343,1,491891,Downtown Transit Center,,1,202629,22110,0,0
7344,1,492859,Lancaster,,0,202713,22112,0,0
7344,1,492860,Lancaster,,0,202715,22111,0,0
7344,1,492861,Lancaster,,0,202714,22111,0,0
7344,1,492863,Lancaster,,0,202713,22111,0,0
7344,1,492864,Lancaster,,0,202715,22111,0,0
7344,1,492865,Lancaster,,0,202714,22111,0,0
7344,1,492866,Lancaster,,0,202713,22111,0,0
7344,1,492867,Lancaster,,0,202715,22111,0,0
7344,1,492868,Lancaster,,0,202714,22111,0,0
7344,1,492869,Lancaster,,0,202713,22111,0,0
7344,1,492870,Lancaster,,0,202715,22111,0,0
7344,1,492871,Lancaster,,0,202714,22111,0,0
7344,1,492872,Lancaster,,0,202713,22111,0,0
7344,1,492873,Lancaster,,0,202715,22111,0,0
7344,1,492874,Lancaster,,0,202714,22111,0,0
7344,1,492875,Lancaster,,0,202713,22111,0,0
7344,1,492876,Lancaster,,0,202715,22111,0,0
7344,1,492877,Lancaster,,0,202714,22111,0,0
7344,1,492878,Lancaster,,0,202716,22111,0,0
7344,1,492879,Lancaster,,0,202720,22111,0,0
7344,1,492880,Lancaster,,0,202718,22111,0,0
7344,1,492881,Lancaster,,0,202719,22111,0,0
7344,1,492882,Lancaster,,0,202717,22111,0,0
7344,1,492883,Lancaster,,0,202715,22111,0,0
7344,1,492884,Lancaster,,0,202714,22111,0,0
7344,1,492885,Lancaster,,0,202716,22111,0,0
7344,1,492886,Lancaster,,0,202720,22111,0,0
7344,1,492887,Lancaster,,0,202718,22111,0,0
7344,1,492888,Lancaster,,0,202719,22111,0,0
7344,1,492889,Lancaster,,0,202717,22111,0,0
7344,1,492924,West Salem,,1,202714,22113,0,0
7344,1,492894,West Salem,,1,202713,22113,0,0
7344,1,492895,West Salem,,1,202715,22113,0,0
7344,1,492896,West Salem,,1,202714,22113,0,0
7344,1,492897,West Salem,,1,202713,22113,0,0
7344,1,492898,West Salem,,1,202715,22113,0,0
7344,1,492899,West Salem,,1,202714,22113,0,0
7344,1,492900,West Salem,,1,202713,22113,0,0
7344,1,492901,West Salem,,1,202715,22113,0,0
7344,1,492902,West Salem,,1,202714,22113,0,0
7344,1,492903,West Salem,,1,202713,22113,0,0
7344,1,492904,West Salem,,1,202715,22113,0,0
7344,1,492905,West Salem,,1,202714,22113,0,0
7344,1,492906,West Salem,,1,202713,22113,0,0
7344,1,492907,West Salem,,1,202715,22113,0,0
7344,1,492908,West Salem,,1,202714,22113,0,0
7344,1,492909,West Salem,,1,202713,22113,0,0
7344,1,492910,West Salem,,1,202715,22113,0,0
7344,1,492911,West Salem,,1,202714,22113,0,0
7344,1,492912,West Salem,,1,202716,22113,0,0
7344,1,492913,West Salem,,1,202720,22113,0,0
7344,1,492914,West Salem,,1,202718,22113,0,0
7344,1,492915,West Salem,,1,202719,22113,0,0
7344,1,492916,West Salem,,1,202717,22113,0,0
7344,1,492917,West Salem,,1,202715,22113,0,0
7344,1,492918,West Salem,,1,202714,22113,0,0
7344,1,492919,West Salem,,1,202716,22113,0,0
7344,1,492920,West Salem,,1,202720,22113,0,0
7344,1,492984,West Salem,,1,202718,22113,0,0
7344,1,492922,West Salem,,1,202717,22113,0,0
7345,1,492925,Walker Road,,0,202716,22114,0,0
7345,1,492926,Walker Road,,0,202717,22114,0,0
7345,1,492927,Walker Road,,0,202718,22114,0,0
7345,1,492928,Walker Road,,0,202716,22114,0,0
7345,1,492929,Walker Road,,0,202717,22114,0,0
7345,1,492930,Walker Road,,0,202718,22114,0,0
7345,1,492931,Walker Road,,0,202716,22114,0,0
7345,1,492932,Walker Road,,0,202717,22114,0,0
7345,1,492933,Walker Road,,0,202718,22114,0,0
7345,1,492934,Walker Road,,0,202716,22114,0,0
7345,1,492935,Walker Road,,0,202717,22114,0,0
7345,1,492936,Walker Road,,0,202718,22114,0,0
7345,1,492937,Walker Road,,0,202716,22114,0,0
7345,1,492938,Walker Road,,0,202717,22114,0,0
7345,1,492939,Walker Road,,0,202718,22114,0,0
7345,1,492940,Walker Road,,0,202719,22114,0,0
7345,1,492941,Walker Road,,0,202717,22114,0,0
7345,1,492942,Walker Road,,0,202715,22114,0,0
7345,1,492943,Walker Road,,0,202714,22114,0,0
7345,1,492944,Walker Road,,0,202716,22114,0,0
7345,1,492945,Walker Road,,0,202720,22114,0,0
7345,1,492946,Walker Road,,0,202718,22114,0,0
7345,1,492947,Walker Road,,0,202719,22114,0,0
7345,1,492948,Walker Road,,0,202717,22114,0,0
7345,1,492949,Walker Road,,0,202715,22114,0,0
7345,1,492950,Walker Road,,0,202714,22114,0,0
7345,1,492951,Walker Road,,0,202716,22114,0,0
7345,1,492952,Walker Road,,0,202715,22114,0,0
7345,1,492953,Walker Road,,0,202714,22114,0,0
7345,1,492985,West Salem,,1,202716,22115,0,0
7345,1,492986,West Salem,,1,202717,22115,0,0
7345,1,492983,West Salem,,1,202718,22115,0,0
7345,1,492956,West Salem,,1,202716,22115,0,0
7345,1,492957,West Salem,,1,202717,22115,0,0
7345,1,492958,West Salem,,1,202718,22115,0,0
7345,1,492959,West Salem,,1,202716,22115,0,0
7345,1,492960,West Salem,,1,202717,22115,0,0
7345,1,492961,West Salem,,1,202718,22115,0,0
7345,1,492962,West Salem,,1,202716,22115,0,0
7345,1,492963,West Salem,,1,202717,22115,0,0
7345,1,492964,West Salem,,1,202718,22115,0,0
7345,1,492965,West Salem,,1,202716,22115,0,0
7345,1,492966,West Salem,,1,202717,22115,0,0
7345,1,492967,West Salem,,1,202718,22115,0,0
7345,1,492968,West Salem,,1,202716,22115,0,0
7345,1,492969,West Salem,,1,202717,22115,0,0
7345,1,492970,West Salem,,1,202718,22115,0,0
7345,1,492971,West Salem,,1,202719,22115,0,0
7345,1,492972,West Salem,,1,202717,22115,0,0
7345,1,492973,West Salem,,1,202715,22115,0,0
7345,1,492974,West Salem,,1,202714,22115,0,0
7345,1,492975,West Salem,,1,202716,22115,0,0
7345,1,492976,West Salem,,1,202720,22115,0,0
7345,1,492977,West Salem,,1,202718,22115,0,0
7345,1,492978,West Salem,,1,202719,22115,0,0
7345,1,492979,West Salem,,1,202717,22115,0,0
7345,1,492980,West Salem,,1,202715,22115,0,0
7345,1,492981,West Salem,,1,202714,22115,0,0
7346,3001,492628,,,0,202692,22116,0,0
7346,3001,492596,South Commercial,,0,202695,22118,0,0
7346,3101,492036,,,0,202695,22116,0,0
7346,3001,492597,South Commercial,,0,202692,22118,0,0
7346,3101,492035,,,0,202692,22116,0,0
7346,3001,492598,South Commercial,,0,202695,22118,0,0
7346,3101,492034,,,0,202695,22116,0,0
7346,3001,492599,South Commercial,,0,202692,22118,0,0
7346,3101,492033,,,0,202692,22116,0,0
7346,3101,492032,,,0,202695,22116,0,0
7346,3001,492600,South Commercial,,0,202695,22118,0,0
7346,3101,492031,,,0,202692,22116,0,0
7346,3001,492601,South Commercial,,0,202692,22118,0,0
7346,3101,492030,,,0,202695,22116,0,0
7346,3001,492602,South Commercial,,0,202695,22118,0,0
7346,3101,492029,,,0,202692,22116,0,0
7346,3001,492603,South Commercial,,0,202692,22118,0,0
7346,3101,492028,,,0,202695,22116,0,0
7346,3001,492604,South Commercial,,0,202695,22118,0,0
7346,3101,492027,,,0,202692,22116,0,0
7346,3001,492605,South Commercial,,0,202692,22118,0,0
7346,3101,492026,,,0,202695,22116,0,0
7346,3001,492606,South Commercial,,0,202695,22118,0,0
7346,3101,492025,,,0,202692,22116,0,0
7346,3001,492607,South Commercial,,0,202692,22118,0,0
7346,3101,492024,,,0,202695,22116,0,0
7346,3001,492608,South Commercial,,0,202695,22118,0,0
7346,3101,492023,,,0,202692,22116,0,0
7346,3001,492609,South Commercial,,0,202692,22118,0,0
7346,3001,492610,South Commercial,,0,202695,22118,0,0
7346,3101,492022,,,0,202695,22116,0,0
7346,3001,492611,South Commercial,,0,202692,22118,0,0
7346,3101,492021,,,0,202692,22116,0,0
7346,3101,492053,,,1,202692,22119,0,0
7346,3001,492612,Wallace Park & Ride,,1,202692,22121,0,0
7346,3101,492052,,,1,202695,22119,0,0
7346,3001,492613,Wallace Park & Ride,,1,202695,22121,0,0
7346,3101,492051,,,1,202692,22119,0,0
7346,3001,492614,Wallace Park & Ride,,1,202692,22121,0,0
7346,3001,492615,Wallace Park & Ride,,1,202695,22121,0,0
7346,3101,492050,,,1,202695,22119,0,0
7346,3001,492616,Wallace Park & Ride,,1,202692,22121,0,0
7346,3101,492049,,,1,202692,22119,0,0
7346,3001,492617,Wallace Park & Ride,,1,202695,22121,0,0
7346,3101,492048,,,1,202695,22119,0,0
7346,3001,492618,Wallace Park & Ride,,1,202692,22121,0,0
7346,3101,492047,,,1,202692,22119,0,0
7346,3001,492619,Wallace Park & Ride,,1,202695,22121,0,0
7346,3101,492046,,,1,202695,22119,0,0
7346,3001,492620,Wallace Park & Ride,,1,202692,22121,0,0
7346,3101,492045,,,1,202692,22119,0,0
7346,3001,492621,Wallace Park & Ride,,1,202695,22121,0,0
7346,3101,492044,,,1,202695,22119,0,0
7346,3001,492622,Wallace Park & Ride,,1,202692,22121,0,0
7346,3101,492043,,,1,202692,22119,0,0
7346,3001,492623,Wallace Park & Ride,,1,202695,22121,0,0
7346,3101,492042,,,1,202695,22119,0,0
7346,3001,492624,Wallace Park & Ride,,1,202692,22121,0,0
7346,3101,492041,,,1,202692,22119,0,0
7346,3101,492040,,,1,202695,22119,0,0
7346,3001,492625,Wallace Park & Ride,,1,202695,22121,0,0
7346,3101,492039,,,1,202692,22119,0,0
7346,3001,492626,Wallace Park & Ride,,1,202692,22121,0,0
7346,3101,492038,,,1,202695,22119,0,0
7346,3001,492627,Wallace Park & Ride,,1,202695,22121,0,0
7346,3101,492037,Wallace Park & Ride,,1,202692,22120,0,0
7347,1,492054,South Lancaster,,0,202639,22122,0,0
7347,1,492069,South Lancaster,,0,202639,22123,0,0
7347,1,492068,South Lancaster,,0,202639,22123,0,0
7347,1,492067,South Lancaster,,0,202639,22123,0,0
7347,1,492066,South Lancaster,,0,202639,22123,0,0
7347,1,492065,South Lancaster,,0,202639,22123,0,0
7347,1,492064,South Lancaster,,0,202639,22123,0,0
7347,1,492063,South Lancaster,,0,202639,22123,0,0
7347,1,492062,South Lancaster,,0,202639,22123,0,0
7347,1,492061,South Lancaster,,0,202639,22123,0,0
7347,1,492060,South Lancaster,,0,202639,22123,0,0
7347,1,492059,South Lancaster,,0,202639,22123,0,0
7347,1,492058,South Lancaster,,0,202639,22123,0,0
7347,1,492057,South Lancaster,,0,202639,22123,0,0
7347,1,492056,South Lancaster,,0,202639,22123,0,0
7347,1,492055,South Lancaster,,0,202639,22123,0,0
7347,1,492085,Downtown Transit Center,,1,202639,22124,0,0
7347,1,492084,Downtown Transit Center,,1,202639,22124,0,0
7347,1,492083,Downtown Transit Center,,1,202639,22124,0,0
7347,1,492082,Downtown Transit Center,,1,202639,22124,0,0
7347,1,492081,Downtown Transit Center,,1,202639,22124,0,0
7347,1,492080,Downtown Transit Center,,1,202639,22124,0,0
7347,1,492079,Downtown Transit Center,,1,202639,22124,0,0
7347,1,492078,Downtown Transit Center,,1,202639,22124,0,0
7347,1,492077,Downtown Transit Center,,1,202639,22124,0,0
7347,1,492076,Downtown Transit Center,,1,202639,22124,0,0
7347,1,492075,Downtown Transit Center,,1,202639,22124,0,0
7347,1,492074,Downtown Transit Center,,1,202639,22124,0,0
7347,1,492073,Downtown Transit Center,,1,202639,22124,0,0
7347,1,492072,Downtown Transit Center,,1,202639,22124,0,0
7347,1,492071,Downtown Transit Center,,1,202639,22124,0,0
7347,1,492070,Downtown Transit Center,,1,202639,22124,0,0
7348,1,492100,South Commercial,,0,202642,22125,0,0
7348,1,492099,South Commercial,,0,202643,22125,0,0
7348,1,492098,South Commercial,,0,202640,22125,0,0
7348,1,492097,South Commercial,,0,202642,22125,0,0
7348,1,492096,South Commercial,,0,202643,22125,0,0
7348,1,492095,South Commercial,,0,202640,22125,0,0
7348,1,492094,South Commercial,,0,202642,22125,0,0
7348,1,492093,South Commercial,,0,202643,22125,0,0
7348,1,492092,South Commercial,,0,202640,22125,0,0
7348,1,492091,South Commercial,,0,202642,22125,0,0
7348,1,492090,South Commercial,,0,202641,22125,0,0
7348,1,492089,South Commercial,,0,202640,22125,0,0
7348,1,492088,South Commercial,,0,202642,22125,0,0
7348,1,492087,South Commercial,,0,202641,22125,0,0
7348,1,492086,South Commercial,,0,202640,22125,0,0
7348,1,492103,Downtown Transit Center,,1,202643,22127,0,0
7348,1,492117,Downtown Transit Center,,1,202640,22127,0,0
7348,1,492116,Downtown Transit Center,,1,202642,22127,0,0
7348,1,492115,Downtown Transit Center,,1,202643,22127,0,0
7348,1,492114,Downtown Transit Center,,1,202640,22127,0,0
7348,1,492113,Downtown Transit Center,,1,202642,22127,0,0
7348,1,492112,Downtown Transit Center,,1,202643,22127,0,0
7348,1,492111,Downtown Transit Center,,1,202640,22127,0,0
7348,1,492110,Downtown Transit Center,,1,202642,22127,0,0
7348,1401,492101,Downtown Transit Center,,1,202643,22126,0,0
7348,1601,492102,Downtown Transit Center,,1,202643,22127,0,0
7348,1,492109,Downtown Transit Center,,1,202640,22127,0,0
7348,1,492108,Downtown Transit Center,,1,202642,22127,0,0
7348,1,492107,Downtown Transit Center,,1,202641,22127,0,0
7348,1,492106,Downtown Transit Center,,1,202640,22127,0,0
7348,1,492105,Downtown Transit Center,,1,202642,22127,0,0
7348,1,492104,Downtown Transit Center,,1,202641,22127,0,0
7349,1,492132,South Commercial,,0,202643,22128,0,0
7349,1,492131,South Commercial,,0,202640,22128,0,0
7349,1,492130,South Commercial,,0,202642,22128,0,0
7349,1,492129,South Commercial,,0,202643,22128,0,0
7349,1,492128,South Commercial,,0,202640,22128,0,0
7349,1,492127,South Commercial,,0,202642,22128,0,0
7349,1,492126,South Commercial,,0,202643,22128,0,0
7349,1,492125,South Commercial,,0,202640,22128,0,0
7349,1,492124,South Commercial,,0,202642,22128,0,0
7349,1,492123,South Commercial,,0,202641,22128,0,0
7349,1,492122,South Commercial,,0,202640,22128,0,0
7349,1,492121,South Commercial,,0,202642,22128,0,0
7349,1,492120,South Commercial,,0,202641,22128,0,0
7349,1,492119,South Commercial,,0,202640,22128,0,0
7349,1,492118,South Commercial,,0,202642,22128,0,0
7349,1,492133,Downtown Transit Center,,1,202642,22129,0,0
7349,1,492148,Downtown Transit Center,,1,202643,22129,0,0
7349,1,492147,Downtown Transit Center,,1,202640,22129,0,0
7349,1,492146,Downtown Transit Center,,1,202642,22129,0,0
7349,1,492145,Downtown Transit Center,,1,202643,22129,0,0
7349,1,492144,Downtown Transit Center,,1,202640,22129,0,0
7349,1,492143,Downtown Transit Center,,1,202642,22129,0,0
7349,1,492142,Downtown Transit Center,,1,202643,22129,0,0
7349,1,492141,Downtown Transit Center,,1,202640,22129,0,0
7349,1,492140,Downtown Transit Center,,1,202642,22129,0,0
7349,1,492139,Downtown Transit Center,,1,202641,22129,0,0
7349,1,492138,Downtown Transit Center,,1,202640,22129,0,0
7349,1,492137,Downtown Transit Center,,1,202642,22129,0,0
7349,1,492136,Downtown Transit Center,,1,202641,22129,0,0
7349,1,492134,Downtown Transit Center,,1,202640,22129,0,0
7349,1,492135,Downtown Transit Center,,1,202642,22129,0,0
7350,1,492149,Parkmeadow (Clockwise),,0,202644,22131,0,0
7350,1,492164,Parkmeadow (Clockwise),,0,202644,22130,0,0
7350,1,492163,Parkmeadow (Clockwise),,0,202644,22130,0,0
7350,1,492162,Parkmeadow (Clockwise),,0,202644,22130,0,0
7350,1,492161,Parkmeadow (Clockwise),,0,202644,22130,0,0
7350,1,492160,Parkmeadow (Clockwise),,0,202644,22130,0,0
7350,1,492159,Parkmeadow (Clockwise),,0,202644,22130,0,0
7350,1,492158,Parkmeadow (Clockwise),,0,202644,22130,0,0
7350,1,492157,Parkmeadow (Clockwise),,0,202644,22130,0,0
7350,1,492156,Parkmeadow (Clockwise),,0,202644,22130,0,0
7350,1,492155,Parkmeadow (Clockwise),,0,202644,22130,0,0
7350,1,492154,Parkmeadow (Clockwise),,0,202644,22130,0,0
7350,1,492153,Parkmeadow (Clockwise),,0,202644,22130,0,0
7350,1,492152,Parkmeadow (Clockwise),,0,202644,22130,0,0
7350,1,492151,Parkmeadow (Clockwise),,0,202644,22130,0,0
7350,1,492150,Parkmeadow (Clockwise),,0,202644,22130,0,0
7350,1,492170,Downtown Transit Center,,1,202644,22132,0,0
7350,1,492180,Downtown Transit Center,,1,202644,22132,0,0
7350,1,492179,Downtown Transit Center,,1,202644,22132,0,0
7350,1,492178,Downtown Transit Center,,1,202644,22132,0,0
7350,1,492177,Downtown Transit Center,,1,202644,22132,0,0
7350,1,492176,Downtown Transit Center,,1,202644,22132,0,0
7350,1,492175,Downtown Transit Center,,1,202644,22132,0,0
7350,1,492174,Downtown Transit Center,,1,202644,22132,0,0
7350,1,492173,Downtown Transit Center,,1,202644,22132,0,0
7350,1,492172,Downtown Transit Center,,1,202644,22132,0,0
7350,1,492168,Downtown Transit Center,,1,202644,22132,0,0
7350,1,492167,Downtown Transit Center,,1,202644,22132,0,0
7350,1,492166,Downtown Transit Center,,1,202644,22132,0,0
7350,1,492165,Downtown Transit Center,,1,202644,22132,0,0
7350,1,492171,Downtown Transit Center,,1,202644,22132,0,0
7350,1,492169,Downtown Transit Center,,1,202644,22133,0,0
7351,1,492182,Parkmeadow (Counterclockwise),,0,202645,22135,0,0
7351,1,492196,Parkmeadow (Counterclockwise),,0,202645,22134,0,0
7351,1,492195,Parkmeadow (Counterclockwise),,0,202645,22134,0,0
7351,1,492194,Parkmeadow (Counterclockwise),,0,202645,22134,0,0
7351,1,492193,Parkmeadow (Counterclockwise),,0,202645,22134,0,0
7351,1,492192,Parkmeadow (Counterclockwise),,0,202645,22134,0,0
7351,1,492191,Parkmeadow (Counterclockwise),,0,202645,22134,0,0
7351,1,492190,Parkmeadow (Counterclockwise),,0,202645,22134,0,0
7351,1,492189,Parkmeadow (Counterclockwise),,0,202645,22134,0,0
7351,1,492188,Parkmeadow (Counterclockwise),,0,202645,22134,0,0
7351,1,492187,Parkmeadow (Counterclockwise),,0,202645,22134,0,0
7351,1,492186,Parkmeadow (Counterclockwise),,0,202645,22134,0,0
7351,1,492185,Parkmeadow (Counterclockwise),,0,202645,22134,0,0
7351,1,492184,Parkmeadow (Counterclockwise),,0,202645,22134,0,0
7351,1,492183,Parkmeadow (Counterclockwise),,0,202645,22134,0,0
7351,1,492181,Parkmeadow (Counterclockwise),,0,202645,22134,0,0
7351,1,492212,Downtown Transit Center,,1,202645,22137,0,0
7351,1,492211,Downtown Transit Center,,1,202645,22137,0,0
7351,1,492210,Downtown Transit Center,,1,202645,22137,0,0
7351,1,492209,Downtown Transit Center,,1,202645,22137,0,0
7351,1,492208,Downtown Transit Center,,1,202645,22137,0,0
7351,1,492207,Downtown Transit Center,,1,202645,22137,0,0
7351,1,492206,Downtown Transit Center,,1,202645,22137,0,0
7351,1,492205,Downtown Transit Center,,1,202645,22137,0,0
7351,1,492204,Downtown Transit Center,,1,202645,22137,0,0
7351,1,492201,Downtown Transit Center,,1,202645,22137,0,0
7351,1,492200,Downtown Transit Center,,1,202645,22137,0,0
7351,1,492199,Downtown Transit Center,,1,202645,22137,0,0
7351,1,492198,Downtown Transit Center,,1,202645,22137,0,0
7351,1,492203,Downtown Transit Center,,1,202645,22137,0,0
7351,1,492202,Downtown Transit Center,,1,202645,22137,0,0
7351,1,492197,Downtown Transit Center,,1,202645,22136,0,0
7352,1,492227,Kroc Center,,0,202646,22138,0,0
7352,1,492226,Kroc Center,,0,202646,22138,0,0
7352,1,492225,Kroc Center,,0,202646,22138,0,0
7352,1,492224,Kroc Center,,0,202646,22138,0,0
7352,1,492223,Kroc Center,,0,202646,22138,0,0
7352,1,492222,Kroc Center,,0,202646,22138,0,0
7352,1,492221,Kroc Center,,0,202646,22138,0,0
7352,1,492220,Kroc Center,,0,202646,22138,0,0
7352,1,492219,Kroc Center,,0,202646,22138,0,0
7352,1,492218,Kroc Center,,0,202646,22138,0,0
7352,1,492217,Kroc Center,,0,202646,22138,0,0
7352,1,492216,Kroc Center,,0,202646,22138,0,0
7352,1,492215,Kroc Center,,0,202646,22138,0,0
7352,1,492214,Kroc Center,,0,202646,22138,0,0
7352,1,492213,Kroc Center,,0,202646,22138,0,0
7352,1,492228,Downtown Transit Center,,1,202646,22139,0,0
7352,1,492242,Downtown Transit Center,,1,202646,22139,0,0
7352,1,492241,Downtown Transit Center,,1,202646,22139,0,0
7352,1,492240,Downtown Transit Center,,1,202646,22139,0,0
7352,1,492239,Downtown Transit Center,,1,202646,22139,0,0
7352,1,492238,Downtown Transit Center,,1,202646,22139,0,0
7352,1,492237,Downtown Transit Center,,1,202646,22139,0,0
7352,1,492236,Downtown Transit Center,,1,202646,22139,0,0
7352,1,492235,Downtown Transit Center,,1,202646,22139,0,0
7352,1,492234,Downtown Transit Center,,1,202646,22139,0,0
7352,1,492233,Downtown Transit Center,,1,202646,22139,0,0
7352,1,492232,Downtown Transit Center,,1,202646,22139,0,0
7352,1,492231,Downtown Transit Center,,1,202646,22139,0,0
7352,1,492230,Downtown Transit Center,,1,202646,22139,0,0
7352,1,492229,Downtown Transit Center,,1,202646,22139,0,0
7353,1,492629,South Lancaster,,0,202697,22140,0,0
7353,1,492636,South Lancaster,,0,202696,22140,0,0
7353,1,492642,South Lancaster,,0,202699,22140,0,0
7353,1,492648,South Lancaster,,0,202698,22140,0,0
7353,1,492654,South Lancaster,,0,202700,22140,0,0
7353,1,492630,South Lancaster,,0,202697,22140,0,0
7353,1,492660,South Lancaster,,0,202701,22140,0,0
7353,1,492637,South Lancaster,,0,202696,22140,0,0
7353,1,492643,South Lancaster,,0,202699,22140,0,0
7353,1,492649,South Lancaster,,0,202698,22140,0,0
7353,1,492655,South Lancaster,,0,202700,22140,0,0
7353,1,492631,South Lancaster,,0,202697,22140,0,0
7353,1,492661,South Lancaster,,0,202701,22140,0,0
7353,1,492638,South Lancaster,,0,202696,22140,0,0
7353,1,492644,South Lancaster,,0,202699,22140,0,0
7353,1,492650,South Lancaster,,0,202698,22140,0,0
7353,1,492656,South Lancaster,,0,202700,22140,0,0
7353,1,492632,South Lancaster,,0,202697,22140,0,0
7353,1,492662,South Lancaster,,0,202701,22140,0,0
7353,1,492665,South Lancaster,,0,202696,22140,0,0
7353,1,492675,South Lancaster,,0,202699,22140,0,0
7353,1,492684,South Lancaster,,0,202698,22140,0,0
7353,1,492693,South Lancaster,,0,202700,22140,0,0
7353,1,492702,South Lancaster,,0,202702,22140,0,0
7353,1,492710,South Lancaster,,0,202703,22140,0,0
7353,1,492718,South Lancaster,,0,202704,22140,0,0
7353,1,492666,South Lancaster,,0,202696,22140,0,0
7353,1,492676,South Lancaster,,0,202699,22140,0,0
7353,1,492685,South Lancaster,,0,202698,22140,0,0
7353,1,492694,South Lancaster,,0,202700,22140,0,0
7353,1,492703,South Lancaster,,0,202702,22140,0,0
7353,1,492711,South Lancaster,,0,202703,22140,0,0
7353,1,492719,South Lancaster,,0,202704,22140,0,0
7353,1,492667,South Lancaster,,0,202696,22140,0,0
7353,1,492677,South Lancaster,,0,202699,22140,0,0
7353,1,492686,South Lancaster,,0,202698,22140,0,0
7353,1,492695,South Lancaster,,0,202700,22140,0,0
7353,1,492704,South Lancaster,,0,202702,22140,0,0
7353,1,492712,South Lancaster,,0,202703,22140,0,0
7353,1,492720,South Lancaster,,0,202704,22140,0,0
7353,1,492668,South Lancaster,,0,202696,22140,0,0
7353,1,492678,South Lancaster,,0,202699,22140,0,0
7353,1,492687,South Lancaster,,0,202698,22140,0,0
7353,1,492696,South Lancaster,,0,202700,22140,0,0
7353,1,492705,South Lancaster,,0,202702,22140,0,0
7353,1,492713,South Lancaster,,0,202703,22140,0,0
7353,1,492721,South Lancaster,,0,202704,22140,0,0
7353,1,492669,South Lancaster,,0,202696,22140,0,0
7353,1,492679,South Lancaster,,0,202699,22140,0,0
7353,1,492688,South Lancaster,,0,202698,22140,0,0
7353,1,492697,South Lancaster,,0,202700,22140,0,0
7353,1,492726,South Lancaster,,0,202702,22140,0,0
7353,1,492729,South Lancaster,,0,202704,22140,0,0
7353,1,492732,South Lancaster,,0,202696,22140,0,0
7353,1,492727,South Lancaster,,0,202702,22140,0,0
7353,1,492730,South Lancaster,,0,202704,22140,0,0
7353,1,492734,Keizer Transit Center,,1,202696,22141,0,0
7353,1,492735,Keizer Transit Center,,1,202698,22141,0,0
7353,1,492633,Keizer Transit Center,,1,202697,22141,0,0
7353,1,492987,Keizer Transit Center,,1,202701,22141,0,0
7353,1,492639,Keizer Transit Center,,1,202696,22141,0,0
7353,1,492645,Keizer Transit Center,,1,202699,22141,0,0
7353,1,492651,Keizer Transit Center,,1,202698,22141,0,0
7353,1,492657,Keizer Transit Center,,1,202700,22141,0,0
7353,1,492634,Keizer Transit Center,,1,202697,22141,0,0
7353,1,492663,Keizer Transit Center,,1,202701,22141,0,0
7353,1,492640,Keizer Transit Center,,1,202696,22141,0,0
7353,1,492646,Keizer Transit Center,,1,202699,22141,0,0
7353,1,492652,Keizer Transit Center,,1,202698,22141,0,0
7353,1,492658,Keizer Transit Center,,1,202700,22141,0,0
7353,1,492635,Keizer Transit Center,,1,202697,22141,0,0
7353,1,492664,Keizer Transit Center,,1,202701,22141,0,0
7353,1,492641,Keizer Transit Center,,1,202696,22141,0,0
7353,1,492647,Keizer Transit Center,,1,202699,22141,0,0
7353,1,492653,Keizer Transit Center,,1,202698,22141,0,0
7353,1,492659,Keizer Transit Center,,1,202700,22141,0,0
7353,1,492736,Keizer Transit Center,,1,202697,22141,0,0
7353,1,492737,Keizer Transit Center,,1,202701,22141,0,0
7353,1,492670,Keizer Transit Center,,1,202696,22141,0,0
7353,1,492680,Keizer Transit Center,,1,202699,22141,0,0
7353,1,492689,Keizer Transit Center,,1,202698,22141,0,0
7353,1,492698,Keizer Transit Center,,1,202700,22141,0,0
7353,1,492706,Keizer Transit Center,,1,202702,22141,0,0
7353,1,492714,Keizer Transit Center,,1,202703,22141,0,0
7353,1,492722,Keizer Transit Center,,1,202704,22141,0,0
7353,1,492671,Keizer Transit Center,,1,202696,22141,0,0
7353,1,492681,Keizer Transit Center,,1,202699,22141,0,0
7353,1,492690,Keizer Transit Center,,1,202698,22141,0,0
7353,1,492699,Keizer Transit Center,,1,202700,22141,0,0
7353,1,492707,Keizer Transit Center,,1,202702,22141,0,0
7353,1,492715,Keizer Transit Center,,1,202703,22141,0,0
7353,1,492723,Keizer Transit Center,,1,202704,22141,0,0
7353,1,492672,Keizer Transit Center,,1,202696,22141,0,0
7353,1,492682,Keizer Transit Center,,1,202699,22141,0,0
7353,1,492691,Keizer Transit Center,,1,202698,22141,0,0
7353,1,492700,Keizer Transit Center,,1,202700,22141,0,0
7353,1,492708,Keizer Transit Center,,1,202702,22141,0,0
7353,1,492716,Keizer Transit Center,,1,202703,22141,0,0
7353,1,492724,Keizer Transit Center,,1,202704,22141,0,0
7353,1,492673,Keizer Transit Center,,1,202696,22141,0,0
7353,1,492683,Keizer Transit Center,,1,202699,22141,0,0
7353,1,492692,Keizer Transit Center,,1,202698,22141,0,0
7353,1,492701,Keizer Transit Center,,1,202700,22141,0,0
7353,1,492709,Keizer Transit Center,,1,202702,22141,0,0
7353,1,492717,Keizer Transit Center,,1,202703,22141,0,0
7353,1,492725,Keizer Transit Center,,1,202704,22141,0,0
7353,1,492674,Keizer Transit Center,,1,202696,22141,0,0
7353,1,492738,Keizer Transit Center,,1,202699,22141,0,0
7353,1,492728,Keizer Transit Center,,1,202702,22141,0,0
7353,1,492731,Keizer Transit Center,,1,202704,22141,0,0
7353,1,492733,Keizer Transit Center,,1,202696,22141,0,0
7354,1,492369,Chemeketa Community College,,0,202656,22142,0,0
7354,1,492368,Chemeketa Community College,,0,202656,22142,0,0
7354,1,492367,Chemeketa Community College,,0,202656,22142,0,0
7354,1,492366,Chemeketa Community College,,0,202656,22142,0,0
7354,1,492365,Chemeketa Community College,,0,202656,22142,0,0
7354,1,492364,Chemeketa Community College,,0,202656,22142,0,0
7354,1,492363,Chemeketa Community College,,0,202656,22142,0,0
7354,1,492362,Chemeketa Community College,,0,202656,22142,0,0
7354,1,492361,Chemeketa Community College,,0,202656,22142,0,0
7354,1,492360,Chemeketa Community College,,0,202656,22142,0,0
7354,1,492359,Chemeketa Community College,,0,202656,22142,0,0
7354,1,492358,Chemeketa Community College,,0,202656,22142,0,0
7354,1,492357,Chemeketa Community College,,0,202656,22142,0,0
7354,1,492356,Chemeketa Community College,,0,202656,22142,0,0
7354,1,492355,Chemeketa Community College,,0,202656,22142,0,0
7354,1,492354,Chemeketa Community College,,0,202656,22142,0,0
7354,1,492384,Keizer Transit Center,,1,202656,22143,0,0
7354,1,492383,Keizer Transit Center,,1,202656,22143,0,0
7354,1,492382,Keizer Transit Center,,1,202656,22143,0,0
7354,1,492381,Keizer Transit Center,,1,202656,22143,0,0
7354,1,492380,Keizer Transit Center,,1,202656,22143,0,0
7354,1,492379,Keizer Transit Center,,1,202656,22143,0,0
7354,1,492378,Keizer Transit Center,,1,202656,22143,0,0
7354,1,492377,Keizer Transit Center,,1,202656,22143,0,0
7354,1,492376,Keizer Transit Center,,1,202656,22143,0,0
7354,1,492375,Keizer Transit Center,,1,202656,22143,0,0
7354,1,492374,Keizer Transit Center,,1,202656,22143,0,0
7354,1,492373,Keizer Transit Center,,1,202656,22143,0,0
7354,1,492372,Keizer Transit Center,,1,202656,22143,0,0
7354,1,492371,Keizer Transit Center,,1,202656,22143,0,0
7354,1,492370,Keizer Transit Center,,1,202656,22143,0,0
7355,1,492414,Chemeketa Community College,,0,202659,22144,0,0
7355,1,492413,Chemeketa Community College,,0,202657,22144,0,0
7355,1,492412,Chemeketa Community College,,0,202659,22144,0,0
7355,1,492411,Chemeketa Community College,,0,202657,22144,0,0
7355,1,492410,Chemeketa Community College,,0,202659,22144,0,0
7355,1,492409,Chemeketa Community College,,0,202657,22144,0,0
7355,1,492408,Chemeketa Community College,,0,202659,22144,0,0
7355,1,492407,Chemeketa Community College,,0,202657,22144,0,0
7355,1,492406,Chemeketa Community College,,0,202659,22144,0,0
7355,1,492405,Chemeketa Community College,,0,202657,22144,0,0
7355,1,492404,Chemeketa Community College,,0,202659,22144,0,0
7355,1,492403,Chemeketa Community College,,0,202657,22144,0,0
7355,1,492402,Chemeketa Community College,,0,202659,22144,0,0
7355,1,492401,Chemeketa Community College,,0,202721,22144,0,0
7355,1,492400,Chemeketa Community College,,0,202659,22144,0,0
7355,1,492399,Chemeketa Community College,,0,202721,22144,0,0
7355,1,492398,Chemeketa Community College,,0,202659,22144,0,0
7355,1,492397,Chemeketa Community College,,0,202721,22144,0,0
7355,1,492396,Chemeketa Community College,,0,202658,22144,0,0
7355,1,492395,Chemeketa Community College,,0,202721,22144,0,0
7355,1,492394,Chemeketa Community College,,0,202658,22144,0,0
7355,1,492393,Chemeketa Community College,,0,202721,22144,0,0
7355,1,492392,Chemeketa Community College,,0,202658,22144,0,0
7355,1,492391,Chemeketa Community College,,0,202721,22144,0,0
7355,1,492390,Chemeketa Community College,,0,202658,22144,0,0
7355,1,492389,Chemeketa Community College,,0,202721,22144,0,0
7355,1,492388,Chemeketa Community College,,0,202658,22144,0,0
7355,1,492387,Chemeketa Community College,,0,202721,22144,0,0
7355,1,492386,Chemeketa Community College,,0,202658,22144,0,0
7355,1,492385,Chemeketa Community College,,0,202721,22144,0,0
7355,1,492445,Downtown Transit Center / Library,,1,202659,22145,0,0
7355,1,492444,Downtown Transit Center / Library,,1,202657,22145,0,0
7355,1,492443,Downtown Transit Center / Library,,1,202659,22145,0,0
7355,1,492442,Downtown Transit Center / Library,,1,202657,22145,0,0
7355,1,492441,Downtown Transit Center / Library,,1,202659,22145,0,0
7355,1,492440,Downtown Transit Center / Library,,1,202657,22145,0,0
7355,1,492439,Downtown Transit Center / Library,,1,202659,22145,0,0
7355,1,492438,Downtown Transit Center / Library,,1,202657,22145,0,0
7355,1,492437,Downtown Transit Center / Library,,1,202659,22145,0,0
7355,1,492436,Downtown Transit Center / Library,,1,202657,22145,0,0
7355,1,492435,Downtown Transit Center / Library,,1,202659,22145,0,0
7355,1,492434,Downtown Transit Center / Library,,1,202657,22145,0,0
7355,1,492433,Downtown Transit Center / Library,,1,202659,22145,0,0
7355,1,492432,Downtown Transit Center / Library,,1,202657,22145,0,0
7355,1,492431,Downtown Transit Center / Library,,1,202659,22145,0,0
7355,1,492430,Downtown Transit Center / Library,,1,202721,22145,0,0
7355,1,492429,Downtown Transit Center / Library,,1,202659,22145,0,0
7355,1,492428,Downtown Transit Center / Library,,1,202721,22145,0,0
7355,1,492427,Downtown Transit Center / Library,,1,202659,22145,0,0
7355,1,492426,Downtown Transit Center / Library,,1,202721,22145,0,0
7355,1,492425,Downtown Transit Center / Library,,1,202658,22145,0,0
7355,1,492424,Downtown Transit Center / Library,,1,202721,22145,0,0
7355,1,492423,Downtown Transit Center / Library,,1,202658,22145,0,0
7355,1,492422,Downtown Transit Center / Library,,1,202721,22145,0,0
7355,1,492421,Downtown Transit Center / Library,,1,202658,22145,0,0
7355,1,492420,Downtown Transit Center / Library,,1,202721,22145,0,0
7355,1,492419,Downtown Transit Center / Library,,1,202658,22145,0,0
7355,1,492418,Downtown Transit Center / Library,,1,202721,22145,0,0
7355,1,492417,Downtown Transit Center / Library,,1,202658,22145,0,0
7355,1,492416,Downtown Transit Center / Library,,1,202721,22145,0,0
7355,1,492415,Downtown Transit Center / Library,,1,202658,22145,0,0
7356,1,492476,Keizer Transit Center,,0,202660,22146,0,0
7356,1,492475,Keizer Transit Center,,0,202660,22146,0,0
7356,1,492474,Keizer Transit Center,,0,202660,22146,0,0
7356,1,492473,Keizer Transit Center,,0,202660,22146,0,0
7356,1,492472,Keizer Transit Center,,0,202660,22146,0,0
7356,1,492471,Keizer Transit Center,,0,202660,22146,0,0
7356,1,492470,Keizer Transit Center,,0,202660,22146,0,0
7356,1,492469,Keizer Transit Center,,0,202660,22146,0,0
7356,1,492468,Keizer Transit Center,,0,202660,22146,0,0
7356,1,492467,Keizer Transit Center,,0,202660,22146,0,0
7356,1,492466,Keizer Transit Center,,0,202660,22146,0,0
7356,1,492465,Keizer Transit Center,,0,202660,22146,0,0
7356,1,492464,Keizer Transit Center,,0,202660,22146,0,0
7356,1,492463,Keizer Transit Center,,0,202660,22146,0,0
7356,1,492462,Keizer Transit Center,,0,202660,22146,0,0
7356,1,492461,Keizer Transit Center,,0,202660,22146,0,0
7356,1,492460,Keizer Transit Center,,0,202660,22146,0,0
7356,1,492459,Keizer Transit Center,,0,202660,22146,0,0
7356,1,492458,Keizer Transit Center,,0,202660,22146,0,0
7356,1,492457,Keizer Transit Center,,0,202660,22146,0,0
7356,1,492456,Keizer Transit Center,,0,202660,22146,0,0
7356,1,492455,Keizer Transit Center,,0,202660,22146,0,0
7356,1,492454,Keizer Transit Center,,0,202660,22146,0,0
7356,1,492453,Keizer Transit Center,,0,202660,22146,0,0
7356,1,492452,Keizer Transit Center,,0,202660,22146,0,0
7356,1,492451,Keizer Transit Center,,0,202660,22146,0,0
7356,1,492450,Keizer Transit Center,,0,202660,22146,0,0
7356,1,492449,Keizer Transit Center,,0,202660,22146,0,0
7356,1,492448,Keizer Transit Center,,0,202660,22146,0,0
7356,1,492447,Keizer Transit Center,,0,202660,22146,0,0
7356,1,492446,Keizer Transit Center,,0,202660,22146,0,0
7356,1,492507,Keizer Transit Center,,1,202660,22147,0,0
7356,1,492506,Keizer Transit Center,,1,202660,22147,0,0
7356,1,492505,Keizer Transit Center,,1,202660,22147,0,0
7356,1,492504,Keizer Transit Center,,1,202660,22147,0,0
7356,1,492503,Keizer Transit Center,,1,202660,22147,0,0
7356,1,492502,Keizer Transit Center,,1,202660,22147,0,0
7356,1,492501,Keizer Transit Center,,1,202660,22147,0,0
7356,1,492500,Keizer Transit Center,,1,202660,22147,0,0
7356,1,492499,Keizer Transit Center,,1,202660,22147,0,0
7356,1,492498,Keizer Transit Center,,1,202660,22147,0,0
7356,1,492497,Keizer Transit Center,,1,202660,22147,0,0
7356,1,492496,Keizer Transit Center,,1,202660,22147,0,0
7356,1,492495,Keizer Transit Center,,1,202660,22147,0,0
7356,1,492494,Keizer Transit Center,,1,202660,22147,0,0
7356,1,492493,Keizer Transit Center,,1,202660,22147,0,0
7356,1,492492,Keizer Transit Center,,1,202660,22147,0,0
7356,1,492491,Keizer Transit Center,,1,202660,22147,0,0
7356,1,492490,Keizer Transit Center,,1,202660,22147,0,0
7356,1,492489,Keizer Transit Center,,1,202660,22147,0,0
7356,1,492488,Keizer Transit Center,,1,202660,22147,0,0
7356,1,492487,Keizer Transit Center,,1,202660,22147,0,0
7356,1,492486,Keizer Transit Center,,1,202660,22147,0,0
7356,1,492485,Keizer Transit Center,,1,202660,22147,0,0
7356,1,492484,Keizer Transit Center,,1,202660,22147,0,0
7356,1,492483,Keizer Transit Center,,1,202660,22147,0,0
7356,1,492482,Keizer Transit Center,,1,202660,22147,0,0
7356,1,492481,Keizer Transit Center,,1,202660,22147,0,0
7356,1,492480,Keizer Transit Center,,1,202660,22147,0,0
7356,1,492479,Keizer Transit Center,,1,202660,22147,0,0
7356,1,492478,Keizer Transit Center,,1,202660,22147,0,0
7356,1,492477,Keizer Transit Center,,1,202660,22147,0,0
7357,1,492548,Capitol Mall,,0,202663,22148,0,0
7357,1,492547,Capitol Mall,,0,202661,22148,0,0
7357,1,492546,Capitol Mall,,0,202663,22148,0,0
7357,1,492545,Capitol Mall,,0,202661,22148,0,0
7357,1,492544,Capitol Mall,,0,202663,22148,0,0
7357,1,492543,Capitol Mall,,0,202661,22148,0,0
7357,1,492542,Capitol Mall,,0,202663,22148,0,0
7357,1,492541,Capitol Mall,,0,202661,22148,0,0
7357,1,492540,Capitol Mall,,0,202663,22148,0,0
7357,1,492539,Capitol Mall,,0,202661,22148,0,0
7357,1,492538,Capitol Mall,,0,202663,22148,0,0
7357,1,492537,Capitol Mall,,0,202661,22148,0,0
7357,1,492536,Capitol Mall,,0,202661,22148,0,0
7357,1,492535,Capitol Mall,,0,202661,22148,0,0
7357,1,492534,Capitol Mall,,0,202661,22148,0,0
7357,1,492533,Capitol Mall,,0,202661,22148,0,0
7357,1,492532,Capitol Mall,,0,202661,22148,0,0
7357,1,492531,Capitol Mall,,0,202661,22148,0,0
7357,1,492530,Capitol Mall,,0,202661,22148,0,0
7357,1,492529,Capitol Mall,,0,202661,22148,0,0
7357,1,492528,Capitol Mall,,0,202661,22148,0,0
7357,1,492527,Capitol Mall,,0,202661,22148,0,0
7357,1,492526,Capitol Mall,,0,202661,22148,0,0
7357,1,492525,Capitol Mall,,0,202661,22148,0,0
7357,1,492524,Capitol Mall,,0,202662,22148,0,0
7357,1,492523,Capitol Mall,,0,202661,22148,0,0
7357,1,492522,Capitol Mall,,0,202662,22148,0,0
7357,1,492521,Capitol Mall,,0,202661,22148,0,0
7357,1,492520,Capitol Mall,,0,202662,22148,0,0
7357,1,492519,Capitol Mall,,0,202661,22148,0,0
7357,1,492518,Capitol Mall,,0,202662,22148,0,0
7357,1,492517,Capitol Mall,,0,202661,22148,0,0
7357,1,492516,Capitol Mall,,0,202662,22148,0,0
7357,1,492515,Capitol Mall,,0,202661,22148,0,0
7357,1,492514,Capitol Mall,,0,202662,22148,0,0
7357,1,492513,Capitol Mall,,0,202661,22148,0,0
7357,1,492512,Capitol Mall,,0,202661,22148,0,0
7357,1,492511,Capitol Mall,,0,202661,22148,0,0
7357,1,492510,Capitol Mall,,0,202661,22148,0,0
7357,1,492509,Capitol Mall,,0,202661,22148,0,0
7357,1,492508,Capitol Mall,,0,202661,22148,0,0
7357,1,492589,Airport Road Park & Ride,,1,202663,22149,0,0
7357,1,492588,Airport Road Park & Ride,,1,202661,22149,0,0
7357,1,492587,Airport Road Park & Ride,,1,202663,22149,0,0
7357,1,492586,Airport Road Park & Ride,,1,202661,22149,0,0
7357,1,492585,Airport Road Park & Ride,,1,202663,22149,0,0
7357,1,492584,Airport Road Park & Ride,,1,202661,22149,0,0
7357,1,492583,Airport Road Park & Ride,,1,202663,22149,0,0
7357,1,492582,Airport Road Park & Ride,,1,202661,22149,0,0
7357,1,492581,Airport Road Park & Ride,,1,202663,22149,0,0
7357,1,492580,Airport Road Park & Ride,,1,202661,22149,0,0
7357,1,492579,Airport Road Park & Ride,,1,202663,22149,0,0
7357,1,492578,Airport Road Park & Ride,,1,202661,22149,0,0
7357,1,492577,Airport Road Park & Ride,,1,202661,22149,0,0
7357,1,492576,Airport Road Park & Ride,,1,202661,22149,0,0
7357,1,492575,Airport Road Park & Ride,,1,202661,22149,0,0
7357,1,492574,Airport Road Park & Ride,,1,202661,22149,0,0
7357,1,492573,Airport Road Park & Ride,,1,202661,22149,0,0
7357,1,492572,Airport Road Park & Ride,,1,202661,22149,0,0
7357,1,492571,Airport Road Park & Ride,,1,202661,22149,0,0
7357,1,492570,Airport Road Park & Ride,,1,202661,22149,0,0
7357,1,492569,Airport Road Park & Ride,,1,202661,22149,0,0
7357,1,492568,Airport Road Park & Ride,,1,202661,22149,0,0
7357,1,492567,Airport Road Park & Ride,,1,202661,22149,0,0
7357,1,492566,Airport Road Park & Ride,,1,202661,22149,0,0
7357,1,492565,Airport Road Park & Ride,,1,202662,22149,0,0
7357,1,492564,Airport Road Park & Ride,,1,202661,22149,0,0
7357,1,492563,Airport Road Park & Ride,,1,202662,22149,0,0
7357,1,492562,Airport Road Park & Ride,,1,202661,22149,0,0
7357,1,492561,Airport Road Park & Ride,,1,202662,22149,0,0
7357,1,492560,Airport Road Park & Ride,,1,202661,22149,0,0
7357,1,492559,Airport Road Park & Ride,,1,202662,22149,0,0
7357,1,492558,Airport Road Park & Ride,,1,202661,22149,0,0
7357,1,492557,Airport Road Park & Ride,,1,202662,22149,0,0
7357,1,492556,Airport Road Park & Ride,,1,202661,22149,0,0
7357,1,492555,Airport Road Park & Ride,,1,202662,22149,0,0
7357,1,492554,Airport Road Park & Ride,,1,202661,22149,0,0
7357,1,492553,Airport Road Park & Ride,,1,202661,22149,0,0
7357,1,492552,Airport Road Park & Ride,,1,202661,22149,0,0
7357,1,492551,Airport Road Park & Ride,,1,202661,22149,0,0
7357,1,492550,Airport Road Park & Ride,,1,202661,22149,0,0
7357,1,492549,Airport Road Park & Ride,,1,202661,22149,0,0
CARTS-7332,CARTS-1,CARTS-491525,BiMart Woodburn,,0,0, ,0,0
CARTS-7332,CARTS-1,CARTS-491526,BiMart Woodburn,,0,0, ,0,0
CARTS-7332,CARTS-1,CARTS-491527,BiMart Woodburn,,0,0, ,0,0
CARTS-7332,CARTS-1,CARTS-491528,BiMart Woodburn,,0,0, ,0,0
CARTS-7332,CARTS-1,CARTS-491495,Court St. @ Church St.,,1,202591, ,0,0
CARTS-7332,CARTS-1,CARTS-491494,Court St. @ Church St.,,1,202591, ,0,0
CARTS-7332,CARTS-1,CARTS-491493,Court St. @ Church St.,,1,202589, ,0,0
CARTS-7332,CARTS-1,CARTS-491492,Court St. @ Church St.,,1,202589, ,0,0
CARTS-7333,CARTS-1,CARTS-491499,Silverton Roth's,,0,202593, ,0,0
CARTS-7333,CARTS-1,CARTS-491498,Silverton Roth's,,0,202593, ,0,0
CARTS-7333,CARTS-1,CARTS-491497,Silverton Roth's,,0,202592, ,0,0
CARTS-7333,CARTS-1,CARTS-491496,Mt. Angel City Hall,,0,202592, ,0,0
CARTS-7333,CARTS-1,CARTS-491503,Court @ Church,,1,202593, ,0,0
CARTS-7333,CARTS-1,CARTS-491502,Court @ Church,,1,202593, ,0,0
CARTS-7333,CARTS-1,CARTS-491501,Court @ Church,,1,202592, ,0,0
CARTS-7333,CARTS-1,CARTS-491500,Court @ Church,,1,202592, ,0,0
CARTS-7334,CARTS-1,CARTS-491529,Gates Park & Ride (across Post Off),,0,0, ,0,0
CARTS-7334,CARTS-1,CARTS-491530,Gates Park & Ride (across Post Off),,0,0, ,0,0
CARTS-7334,CARTS-1,CARTS-491531,Gates Park & Ride (across Post Off),,0,0, ,0,0
CARTS-7334,CARTS-1,CARTS-491508,Court St. @ Church St.,,1,202595, ,0,0
CARTS-7334,CARTS-1,CARTS-491507,Court St. @ Church St.,,1,202595, ,0,0
CARTS-7334,CARTS-1,CARTS-491509,Court St. @ Church St.,,1,202594, ,0,0
CARTS-7335,CARTS-1,CARTS-491514,Court St. @ Church St.,,0,202598, ,0,0
CARTS-7335,CARTS-1,CARTS-491513,Court St. @ Church St.,,0,202598, ,0,0
CARTS-7335,CARTS-1,CARTS-491512,Court St. @ Church St.,,0,202597, ,0,0
CARTS-7335,CARTS-1,CARTS-491511,Court St. @ Church St.,,0,202596, ,0,0
CARTS-7335,CARTS-1,CARTS-491510,Court St. @ Church St.,,0,202596, ,0,0
CARTS-7335,CARTS-1,CARTS-491520,Goodwill in Dallas,,1,202598, ,0,0
CARTS-7335,CARTS-1,CARTS-491519,Walmart in Dallas,,1,202598, ,0,0
CARTS-7335,CARTS-1,CARTS-491518,Walmart in Dallas,,1,202597, ,0,0
CARTS-7335,CARTS-1,CARTS-491517,Walmart in Dallas,,1,202599, ,0,0
CARTS-7335,CARTS-1,CARTS-491516,Walmart in Dallas,,1,202596, ,0,0
CARTS-7335,CARTS-1,CARTS-491515,Walmart in Dallas,,1,202596, ,0,0
CARTS-7336,CARTS-1,CARTS-491522,Walmart in Dallas,,0,202601, ,0,0
CARTS-7336,CARTS-1,CARTS-491521,Walmart in Dallas,,0,202600, ,0,0
CARTS-7336,CARTS-1,CARTS-491524,Court St. @ Church St.,,1,202601, ,0,0
CARTS-7336,CARTS-1,CARTS-491523,Court St. @ Church St.,,1,202599, ,0,0